400,000 nodes

2 8 16 38 111 258 567 1266 3292 7393 14960 42923 89537 211158 
       15 4.49309876725308

2 7 20 38 101 199 415 1001 2100 5642 12413 32174 75906 179652 
       15 4.591408521478698

2 6 17 56 106 218 523 1305 2518 5741 14371 35695 77105 195290 
       15 4.509676225809436

2 6 19 54 114 263 559 1208 2572 5686 15524 33020 70322 190323 
       15 4.535488661278347

2 8 17 40 115 228 552 1227 3873 8947 20160 45381 95527 202566 
       15 4.262869342826644

2 6 21 42 83 235 656 1270 2846 6330 14650 37412 83560 201359 
       15 4.346476633808415

2 8 15 39 101 251 703 1256 2956 6621 14536 35026 72498 172126 388960 
       16 3.2558493603765974
